0 -0.0187269  0.0235515  0.406504
1 0.0279681  0.0250091  0.404674
2 0.0748893  0.0264632  0.404931
3 0.122301  0.0278866  0.406035);
4 -0.0203539  0.0703956  0.407084
5 0.0265281  0.0719214  0.404903
6 0.0734862  0.0735234  0.404974
7 0.120967  0.0751284  0.406239
8 -0.0217832  0.117352  0.408016
9 0.0250485  0.11917  0.406369
10 0.0720398  0.1209  0.40554
11 0.119692  0.122749  0.407054
12 -0.023545  0.164959  0.409988
13 0.0235046  0.166806  0.408037
14 0.0707229  0.1686  0.406986
15 0.118351  0.170304  0.407742